(kicad_pcb (version 4) (host pcbnew 4.0.2-stable)

  (general
    (links 208)
    (no_connects 0)
    (area 41.244999 55.62 87.85 96.977162)
    (thickness 1.6)
    (drawings 101)
    (tracks 1790)
    (zones 0)
    (modules 64)
    (nets 134)
  )

  (page A4)
  (layers
    (0 F.Cu signal hide)
    (31 B.Cu signal hide)
    (32 B.Adhes user)
    (33 F.Adhes user)
    (34 B.Paste user)
    (35 F.Paste user)
    (36 B.SilkS user)
    (37 F.SilkS user)
    (38 B.Mask user hide)
    (39 F.Mask user)
    (40 Dwgs.User user)
    (41 Cmts.User user)
    (42 Eco1.User user)
    (43 Eco2.User user)
    (44 Edge.Cuts user)
    (45 Margin user)
    (46 B.CrtYd user)
    (47 F.CrtYd user)
    (48 B.Fab user)
    (49 F.Fab user)
  )

  (setup
    (last_trace_width 0.25)
    (user_trace_width 0.16)
    (trace_clearance 0.01)
    (zone_clearance 0.508)
    (zone_45_only no)
    (trace_min 0.1)
    (segment_width 0.2)
    (edge_width 0.15)
    (via_size 0.6)
    (via_drill 0.4)
    (via_min_size 0.2)
    (via_min_drill 0.1)
    (user_via 0.2 0.1)
    (uvia_size 0.3)
    (uvia_drill 0.1)
    (uvias_allowed no)
    (uvia_min_size 0.2)
    (uvia_min_drill 0.1)
    (pcb_text_width 0.3)
    (pcb_text_size 1.5 1.5)
    (mod_edge_width 0.15)
    (mod_text_size 1 1)
    (mod_text_width 0.15)
    (pad_size 1.4986 2.0066)
    (pad_drill 0)
    (pad_to_mask_clearance 0)
    (aux_axis_origin 0 0)
    (visible_elements 7FFCFBFF)
    (pcbplotparams
      (layerselection 0x010ff_80000001)
      (usegerberextensions false)
      (excludeedgelayer true)
      (linewidth 0.100000)
      (plotframeref false)
      (viasonmask false)
      (mode 1)
      (useauxorigin false)
      (hpglpennumber 1)
      (hpglpenspeed 20)
      (hpglpendiameter 15)
      (hpglpenoverlay 2)
      (psnegative false)
      (psa4output false)
      (plotreference false)
      (plotvalue false)
      (plotinvisibletext false)
      (padsonsilk false)
      (subtractmaskfromsilk false)
      (outputformat 1)
      (mirror false)
      (drillshape 0)
      (scaleselection 1)
      (outputdirectory ../Hi/))
  )

  (net 0 "")
  (net 1 GND)
  (net 2 VBAT)
  (net 3 SCL)
  (net 4 3.3V)
  (net 5 SDA)
  (net 6 5V)
  (net 7 "Net-(22uH1-Pad2)")
  (net 8 1.8V)
  (net 9 "Net-(C5-Pad1)")
  (net 10 "Net-(C5-Pad2)")
  (net 11 3.3V_SEN)
  (net 12 NRST)
  (net 13 OSC_IN)
  (net 14 OSC_OUT)
  (net 15 LED0)
  (net 16 LED1)
  (net 17 PWM1)
  (net 18 PWM2)
  (net 19 PWM3)
  (net 20 PWM4)
  (net 21 PWM5)
  (net 22 PWN6)
  (net 23 RC_CH1)
  (net 24 RC_CH2)
  (net 25 RC_CH3)
  (net 26 RC_CH4)
  (net 27 RC_CH5)
  (net 28 RC_CH6)
  (net 29 RC_CH7)
  (net 30 RC_CH8)
  (net 31 TXD)
  (net 32 RXD)
  (net 33 V_BUS)
  (net 34 USB_DN)
  (net 35 USB_DP)
  (net 36 USB_ID)
  (net 37 TX2)
  (net 38 RX2)
  (net 39 BOOT0)
  (net 40 "Net-(Q1-Pad1)")
  (net 41 PSW)
  (net 42 FAULT)
  (net 43 "Net-(R3-Pad2)")
  (net 44 BEEP)
  (net 45 POWER_ADC)
  (net 46 BOOT1)
  (net 47 SD_0_DA3)
  (net 48 SD_0_DAT2)
  (net 49 SD_0_DAT1)
  (net 50 SD_0_DAT0)
  (net 51 SD_0_CLK)
  (net 52 SD_CLK_FB)
  (net 53 SD_0_CMD)
  (net 54 "Net-(U1-Pad13)")
  (net 55 "Net-(U1-Pad14)")
  (net 56 "Net-(U1-Pad16)")
  (net 57 "Net-(U1-Pad17)")
  (net 58 "Net-(U1-Pad18)")
  (net 59 "Net-(U1-Pad20)")
  (net 60 SD_0_CD#)
  (net 61 EDI_TX2)
  (net 62 EDI_RX)
  (net 63 EDI_RX2)
  (net 64 EDI_TX)
  (net 65 MPU_INT)
  (net 66 "Net-(C15-Pad1)")
  (net 67 "Net-(P8-Pad2)")
  (net 68 "Net-(X1-Pad3)")
  (net 69 "Net-(P12-Pad1)")
  (net 70 "Net-(P12-Pad2)")
  (net 71 "Net-(U1-Pad12)")
  (net 72 "Net-(U2-Pad69)")
  (net 73 "Net-(U2-Pad67)")
  (net 74 EDI_CTS)
  (net 75 EDI_RTX)
  (net 76 GPIO10)
  (net 77 GPIO11)
  (net 78 GPIO12)
  (net 79 I2S_TXD)
  (net 80 GPIO13)
  (net 81 I2S_FS)
  (net 82 GPIO14)
  (net 83 I2S_CLK)
  (net 84 I2S_RXD)
  (net 85 EDI_SDA2)
  (net 86 GPIO9)
  (net 87 EDI_SCL2)
  (net 88 EDI_SDA1)
  (net 89 EDI_SCL1)
  (net 90 GPIO8)
  (net 91 EDI_PWM3)
  (net 92 EDI_PWM2)
  (net 93 EDI_PWM0)
  (net 94 "Net-(U2-Pad36)")
  (net 95 EDI_PWM1)
  (net 96 GPIO7)
  (net 97 "Net-(U2-Pad31)")
  (net 98 GPIO6)
  (net 99 GPIO5)
  (net 100 GPIO4)
  (net 101 GPIO2)
  (net 102 GPIO3)
  (net 103 "Net-(U2-Pad23)")
  (net 104 GPIO0)
  (net 105 "Net-(U2-Pad17)")
  (net 106 "Net-(U2-Pad10)")
  (net 107 "Net-(U2-Pad7)")
  (net 108 "Net-(U2-Pad8)")
  (net 109 "Net-(U5-Pad8)")
  (net 110 "Net-(U5-Pad13)")
  (net 111 "Net-(U5-Pad9)")
  (net 112 "Net-(U5-Pad12)")
  (net 113 "Net-(U6-Pad3)")
  (net 114 "Net-(U6-Pad7)")
  (net 115 "Net-(U7-Pad4)")
  (net 116 "Net-(U8-Pad5)")
  (net 117 "Net-(U8-Pad7)")
  (net 118 "Net-(U9-Pad7)")
  (net 119 "Net-(U9-Pad9)")
  (net 120 "Net-(U9-Pad11)")
  (net 121 "Net-(U9-Pad21)")
  (net 122 PRE_XCLR)
  (net 123 OSC32_IN)
  (net 124 OSC32_OUT)
  (net 125 ACC_INT2)
  (net 126 MAD_DRDY)
  (net 127 "Net-(U10-Pad27)")
  (net 128 "Net-(U10-Pad28)")
  (net 129 SWDIO)
  (net 130 SWDCLK)
  (net 131 "Net-(U10-Pad38)")
  (net 132 "Net-(U10-Pad41)")
  (net 133 "Net-(U11-Pad6)")

  (net_class Default "This is the default net class."
    (clearance 0.01)
    (trace_width 0.25)
    (via_dia 0.6)
    (via_drill 0.4)
    (uvia_dia 0.3)
    (uvia_drill 0.1)
    (add_net 1.8V)
    (add_net 3.3V)
    (add_net 3.3V_SEN)
    (add_net 5V)
    (add_net ACC_INT2)
    (add_net BEEP)
    (add_net BOOT0)
    (add_net BOOT1)
    (add_net EDI_CTS)
    (add_net EDI_PWM0)
    (add_net EDI_PWM1)
    (add_net EDI_PWM2)
    (add_net EDI_PWM3)
    (add_net EDI_RTX)
    (add_net EDI_RX)
    (add_net EDI_RX2)
    (add_net EDI_SCL1)
    (add_net EDI_SCL2)
    (add_net EDI_SDA1)
    (add_net EDI_SDA2)
    (add_net EDI_TX)
    (add_net EDI_TX2)
    (add_net FAULT)
    (add_net GND)
    (add_net GPIO0)
    (add_net GPIO10)
    (add_net GPIO11)
    (add_net GPIO12)
    (add_net GPIO13)
    (add_net GPIO14)
    (add_net GPIO2)
    (add_net GPIO3)
    (add_net GPIO4)
    (add_net GPIO5)
    (add_net GPIO6)
    (add_net GPIO7)
    (add_net GPIO8)
    (add_net GPIO9)
    (add_net I2S_CLK)
    (add_net I2S_FS)
    (add_net I2S_RXD)
    (add_net I2S_TXD)
    (add_net LED0)
    (add_net LED1)
    (add_net MAD_DRDY)
    (add_net MPU_INT)
    (add_net NRST)
    (add_net "Net-(22uH1-Pad2)")
    (add_net "Net-(C15-Pad1)")
    (add_net "Net-(C5-Pad1)")
    (add_net "Net-(C5-Pad2)")
    (add_net "Net-(P12-Pad1)")
    (add_net "Net-(P12-Pad2)")
    (add_net "Net-(P8-Pad2)")
    (add_net "Net-(Q1-Pad1)")
    (add_net "Net-(R3-Pad2)")
    (add_net "Net-(U1-Pad12)")
    (add_net "Net-(U1-Pad13)")
    (add_net "Net-(U1-Pad14)")
    (add_net "Net-(U1-Pad16)")
    (add_net "Net-(U1-Pad17)")
    (add_net "Net-(U1-Pad18)")
    (add_net "Net-(U1-Pad20)")
    (add_net "Net-(U10-Pad27)")
    (add_net "Net-(U10-Pad28)")
    (add_net "Net-(U10-Pad38)")
    (add_net "Net-(U10-Pad41)")
    (add_net "Net-(U11-Pad6)")
    (add_net "Net-(U2-Pad10)")
    (add_net "Net-(U2-Pad17)")
    (add_net "Net-(U2-Pad23)")
    (add_net "Net-(U2-Pad31)")
    (add_net "Net-(U2-Pad36)")
    (add_net "Net-(U2-Pad67)")
    (add_net "Net-(U2-Pad69)")
    (add_net "Net-(U2-Pad7)")
    (add_net "Net-(U2-Pad8)")
    (add_net "Net-(U5-Pad12)")
    (add_net "Net-(U5-Pad13)")
    (add_net "Net-(U5-Pad8)")
    (add_net "Net-(U5-Pad9)")
    (add_net "Net-(U6-Pad3)")
    (add_net "Net-(U6-Pad7)")
    (add_net "Net-(U7-Pad4)")
    (add_net "Net-(U8-Pad5)")
    (add_net "Net-(U8-Pad7)")
    (add_net "Net-(U9-Pad11)")
    (add_net "Net-(U9-Pad21)")
    (add_net "Net-(U9-Pad7)")
    (add_net "Net-(U9-Pad9)")
    (add_net "Net-(X1-Pad3)")
    (add_net OSC32_IN)
    (add_net OSC32_OUT)
    (add_net OSC_IN)
    (add_net OSC_OUT)
    (add_net POWER_ADC)
    (add_net PRE_XCLR)
    (add_net PSW)
    (add_net PWM1)
    (add_net PWM2)
    (add_net PWM3)
    (add_net PWM4)
    (add_net PWM5)
    (add_net PWN6)
    (add_net RC_CH1)
    (add_net RC_CH2)
    (add_net RC_CH3)
    (add_net RC_CH4)
    (add_net RC_CH5)
    (add_net RC_CH6)
    (add_net RC_CH7)
    (add_net RC_CH8)
    (add_net RX2)
    (add_net RXD)
    (add_net SCL)
    (add_net SDA)
    (add_net SD_0_CD#)
    (add_net SD_0_CLK)
    (add_net SD_0_CMD)
    (add_net SD_0_DA3)
    (add_net SD_0_DAT0)
    (add_net SD_0_DAT1)
    (add_net SD_0_DAT2)
    (add_net SD_CLK_FB)
    (add_net SWDCLK)
    (add_net SWDIO)
    (add_net TX2)
    (add_net TXD)
    (add_net USB_DN)
    (add_net USB_DP)
    (add_net USB_ID)
    (add_net VBAT)
    (add_net V_BUS)
  )

  (module Resistors_SMD:R_0603 (layer F.Cu) (tedit 5415CC62) (tstamp 574812C7)
    (at 64.13 80.69)
    (descr "Resistor SMD 0603, reflow soldering, Vishay (see dcrcw.pdf)")
    (tags "resistor 0603")
    (path /5716AAC1)
    (attr smd)
    (fp_text reference 1K1 (at 0 -1.9) (layer F.SilkS)
      (effects (font (size 1 1) (thickness 0.15)))
    )
    (fp_text value R (at 0 1.9) (layer F.Fab)
      (effects (font (size 1 1) (thickness 0.15)))
    )
    (fp_line (start -1.3 -0.8) (end 1.3 -0.8) (layer F.CrtYd) (width 0.05))
    (fp_line (start -1.3 0.8) (end 1.3 0.8) (layer F.CrtYd) (width 0.05))
    (fp_line (start -1.3 -0.8) (end -1.3 0.8) (layer F.CrtYd) (width 0.05))
    (fp_line (start 1.3 -0.8) (end 1.3 0.8) (layer F.CrtYd) (width 0.05))
    (fp_line (start 0.5 0.675) (end -0.5 0.675) (layer F.SilkS) (width 0.15))
    (fp_line (start -0.5 -0.675) (end 0.5 -0.675) (layer F.SilkS) (width 0.15))
    (pad 1 smd rect (at -0.75 0) (size 0.5 0.9) (layers F.Cu F.Paste F.Mask)
      (net 3 SCL))
    (pad 2 smd rect (at 0.75 0) (size 0.5 0.9) (layers F.Cu F.Paste F.Mask)
      (net 4 3.3V))
    (model Resistors_SMD.3dshapes/R_0603.wrl
      (at (xyz 0 0 0))
      (scale (xyz 1 1 1))
      (rotate (xyz 0 0 0))
    )
  )

  (module Resistors_SMD:R_0603 (layer F.Cu) (tedit 5415CC62) (tstamp 574812D3)
    (at 64.54 82.17)
    (descr "Resistor SMD 0603, reflow soldering, Vishay (see dcrcw.pdf)")
    (tags "resistor 0603")
    (path /5716AE55)
    (attr smd)
    (fp_text reference 1K2 (at 0 -1.9) (layer F.SilkS)
      (effects (font (size 1 1) (thickness 0.15)))
    )
    (fp_text value R (at 0 1.9) (layer F.Fab)
      (effects (font (size 1 1) (thickness 0.15)))
    )
    (fp_line (start -1.3 -0.8) (end 1.3 -0.8) (layer F.CrtYd) (width 0.05))
    (fp_line (start -1.3 0.8) (end 1.3 0.8) (layer F.CrtYd) (width 0.05))
    (fp_line (start -1.3 -0.8) (end -1.3 0.8) (layer F.CrtYd) (width 0.05))
    (fp_line (start 1.3 -0.8) (end 1.3 0.8) (layer F.CrtYd) (width 0.05))
    (fp_line (start 0.5 0.675) (end -0.5 0.675) (layer F.SilkS) (width 0.15))
    (fp_line (start -0.5 -0.675) (end 0.5 -0.675) (layer F.SilkS) (width 0.15))
    (pad 1 smd rect (at -0.75 0) (size 0.5 0.9) (layers F.Cu F.Paste F.Mask)
      (net 5 SDA))
    (pad 2 smd rect (at 0.75 0) (size 0.5 0.9) (layers F.Cu F.Paste F.Mask)
      (net 4 3.3V))
    (model Resistors_SMD.3dshapes/R_0603.wrl
      (at (xyz 0 0 0))
      (scale (xyz 1 1 1))
      (rotate (xyz 0 0 0))
    )
  )

  (module Inductors:NR4018 (layer B.Cu) (tedit 56525E65) (tstamp 574812E1)
    (at 72.31 77.19)
    (descr http://www.yuden.co.jp/productdata/catalog/en/wound04_e.pdf)
    (path /5718665E)
    (attr smd)
    (fp_text reference 22uH1 (at 0 -3.25) (layer B.SilkS)
      (effects (font (size 1 1) (thickness 0.15)) (justify mirror))
    )
    (fp_text value INDUCTOR (at 0 3) (layer B.Fab)
      (effects (font (size 1 1) (thickness 0.15)) (justify mirror))
    )
    (fp_line (start -2.7 -2.2) (end -2.7 -1.7) (layer B.SilkS) (width 0.15))
    (fp_line (start -2.2 -2.2) (end -2.7 -2.2) (layer B.SilkS) (width 0.15))
    (fp_line (start -2.9 -2.4) (end -2.9 2.4) (layer B.CrtYd) (width 0.05))
    (fp_line (start 2.9 -2.4) (end -2.9 -2.4) (layer B.CrtYd) (width 0.05))
    (fp_line (start 2.9 2.4) (end 2.9 -2.4) (layer B.CrtYd) (width 0.05))
    (fp_line (start -2.9 2.4) (end 2.9 2.4) (layer B.CrtYd) (width 0.05))
    (fp_line (start -1.2 2.2) (end 1.2 2.2) (layer B.SilkS) (width 0.15))
    (fp_line (start 1.2 -2.2) (end -1.2 -2.2) (layer B.SilkS) (width 0.15))
    (pad 1 smd rect (at -1.6 0) (size 1.6 3.7) (layers B.Cu B.Paste B.Mask)
      (net 6 5V))
    (pad 2 smd rect (at 1.6 0) (size 1.6 3.7) (layers B.Cu B.Paste B.Mask)
      (net 7 "Net-(22uH1-Pad2)"))
  )

  (module Capacitors_SMD:C_0603 (layer B.Cu) (tedit 5415D631) (tstamp 574812ED)
    (at 67.4 69.26)
    (descr "Capacitor SMD 0603, reflow soldering, AVX (see smccp.pdf)")
    (tags "capacitor 0603")
    (path /572362C5)
    (attr smd)
    (fp_text reference C1 (at 0 1.9) (layer B.SilkS)
      (effects (font (size 1 1) (thickness 0.15)) (justify mirror))
    )
    (fp_text value 0.1uF (at 0 -1.9) (layer B.Fab)
      (effects (font (size 1 1) (thickness 0.15)) (justify mirror))
    )
    (fp_line (start -1.45 0.75) (end 1.45 0.75) (layer B.CrtYd) (width 0.05))
    (fp_line (start -1.45 -0.75) (end 1.45 -0.75) (layer B.CrtYd) (width 0.05))
    (fp_line (start -1.45 0.75) (end -1.45 -0.75) (layer B.CrtYd) (width 0.05))
    (fp_line (start 1.45 0.75) (end 1.45 -0.75) (layer B.CrtYd) (width 0.05))
    (fp_line (start -0.35 0.6) (end 0.35 0.6) (layer B.SilkS) (width 0.15))
    (fp_line (start 0.35 -0.6) (end -0.35 -0.6) (layer B.SilkS) (width 0.15))
    (pad 1 smd rect (at -0.75 0) (size 0.8 0.75) (layers B.Cu B.Paste B.Mask)
      (net 8 1.8V))
    (pad 2 smd rect (at 0.75 0) (size 0.8 0.75) (layers B.Cu B.Paste B.Mask)
      (net 1 GND))
    (model Capacitors_SMD.3dshapes/C_0603.wrl
      (at (xyz 0 0 0))
      (scale (xyz 1 1 1))
      (rotate (xyz 0 0 0))
    )
  )

  (module Capacitors_SMD:C_0603 (layer F.Cu) (tedit 5415D631) (tstamp 574812F9)
    (at 73.46 86.82)
    (descr "Capacitor SMD 0603, reflow soldering, AVX (see smccp.pdf)")
    (tags "capacitor 0603")
    (path /57237465)
    (attr smd)
    (fp_text reference C2 (at 0 -1.9) (layer F.SilkS)
      (effects (font (size 1 1) (thickness 0.15)))
    )
    (fp_text value 0.1uF (at 0 1.9) (layer F.Fab)
      (effects (font (size 1 1) (thickness 0.15)))
    )
    (fp_line (start -1.45 -0.75) (end 1.45 -0.75) (layer F.CrtYd) (width 0.05))
    (fp_line (start -1.45 0.75) (end 1.45 0.75) (layer F.CrtYd) (width 0.05))
    (fp_line (start -1.45 -0.75) (end -1.45 0.75) (layer F.CrtYd) (width 0.05))
    (fp_line (start 1.45 -0.75) (end 1.45 0.75) (layer F.CrtYd) (width 0.05))
    (fp_line (start -0.35 -0.6) (end 0.35 -0.6) (layer F.SilkS) (width 0.15))
    (fp_line (start 0.35 0.6) (end -0.35 0.6) (layer F.SilkS) (width 0.15))
    (pad 1 smd rect (at -0.75 0) (size 0.8 0.75) (layers F.Cu F.Paste F.Mask)
      (net 4 3.3V))
    (pad 2 smd rect (at 0.75 0) (size 0.8 0.75) (layers F.Cu F.Paste F.Mask)
      (net 1 GND))
    (model Capacitors_SMD.3dshapes/C_0603.wrl
      (at (xyz 0 0 0))
      (scale (xyz 1 1 1))
      (rotate (xyz 0 0 0))
    )
  )

  (module Capacitors_SMD:C_0603 (layer F.Cu) (tedit 5415D631) (tstamp 57481305)
    (at 80.29 73.18 180)
    (descr "Capacitor SMD 0603, reflow soldering, AVX (see smccp.pdf)")
    (tags "capacitor 0603")
    (path /571780E1)
    (attr smd)
    (fp_text reference C3 (at 0 -1.9 180) (layer F.SilkS)
      (effects (font (size 1 1) (thickness 0.15)))
    )
    (fp_text value 15uF (at 0 1.9 180) (layer F.Fab)
      (effects (font (size 1 1) (thickness 0.15)))
    )
    (fp_line (start -1.45 -0.75) (end 1.45 -0.75) (layer F.CrtYd) (width 0.05))
    (fp_line (start -1.45 0.75) (end 1.45 0.75) (layer F.CrtYd) (width 0.05))
    (fp_line (start -1.45 -0.75) (end -1.45 0.75) (layer F.CrtYd) (width 0.05))
    (fp_line (start 1.45 -0.75) (end 1.45 0.75) (layer F.CrtYd) (width 0.05))
    (fp_line (start -0.35 -0.6) (end 0.35 -0.6) (layer F.SilkS) (width 0.15))
    (fp_line (start 0.35 0.6) (end -0.35 0.6) (layer F.SilkS) (width 0.15))
    (pad 1 smd rect (at -0.75 0 180) (size 0.8 0.75) (layers F.Cu F.Paste F.Mask)
      (net 2 VBAT))
    (pad 2 smd rect (at 0.75 0 180) (size 0.8 0.75) (layers F.Cu F.Paste F.Mask)
      (net 1 GND))
    (model Capacitors_SMD.3dshapes/C_0603.wrl
      (at (xyz 0 0 0))
      (scale (xyz 1 1 1))
      (rotate (xyz 0 0 0))
    )
  )

  (module Capacitors_SMD:C_0603 (layer F.Cu) (tedit 5415D631) (tstamp 57481311)
    (at 80.33 76.54 180)
    (descr "Capacitor SMD 0603, reflow soldering, AVX (see smccp.pdf)")
    (tags "capacitor 0603")
    (path /5717805A)
    (attr smd)
    (fp_text reference C4 (at 0 -1.9 180) (layer F.SilkS)
      (effects (font (size 1 1) (thickness 0.15)))
    )
    (fp_text value 15uF (at 0 1.9 180) (layer F.Fab)
      (effects (font (size 1 1) (thickness 0.15)))
    )
    (fp_line (start -1.45 -0.75) (end 1.45 -0.75) (layer F.CrtYd) (width 0.05))
    (fp_line (start -1.45 0.75) (end 1.45 0.75) (layer F.CrtYd) (width 0.05))
    (fp_line (start -1.45 -0.75) (end -1.45 0.75) (layer F.CrtYd) (width 0.05))
    (fp_line (start 1.45 -0.75) (end 1.45 0.75) (layer F.CrtYd) (width 0.05))
    (fp_line (start -0.35 -0.6) (end 0.35 -0.6) (layer F.SilkS) (width 0.15))
    (fp_line (start 0.35 0.6) (end -0.35 0.6) (layer F.SilkS) (width 0.15))
    (pad 1 smd rect (at -0.75 0 180) (size 0.8 0.75) (layers F.Cu F.Paste F.Mask)
      (net 2 VBAT))
    (pad 2 smd rect (at 0.75 0 180) (size 0.8 0.75) (layers F.Cu F.Paste F.Mask)
      (net 1 GND))
    (model Capacitors_SMD.3dshapes/C_0603.wrl
      (at (xyz 0 0 0))
      (scale (xyz 1 1 1))
      (rotate (xyz 0 0 0))
    )
  )

  (module Capacitors_SMD:C_0603 (layer B.Cu) (tedit 5415D631) (tstamp 5748131D)
    (at 53.37 74.04 180)
    (descr "Capacitor SMD 0603, reflow soldering, AVX (see smccp.pdf)")
    (tags "capacitor 0603")
    (path /57191BC2)
    (attr smd)
    (fp_text reference C5 (at 0 1.9 180) (layer B.SilkS)
      (effects (font (size 1 1) (thickness 0.15)) (justify mirror))
    )
    (fp_text value 0.01uF (at 0 -1.9 180) (layer B.Fab)
      (effects (font (size 1 1) (thickness 0.15)) (justify mirror))
    )
    (fp_line (start -1.45 0.75) (end 1.45 0.75) (layer B.CrtYd) (width 0.05))
    (fp_line (start -1.45 -0.75) (end 1.45 -0.75) (layer B.CrtYd) (width 0.05))
    (fp_line (start -1.45 0.75) (end -1.45 -0.75) (layer B.CrtYd) (width 0.05))
    (fp_line (start 1.45 0.75) (end 1.45 -0.75) (layer B.CrtYd) (width 0.05))
    (fp_line (start -0.35 0.6) (end 0.35 0.6) (layer B.SilkS) (width 0.15))
    (fp_line (start 0.35 -0.6) (end -0.35 -0.6) (layer B.SilkS) (width 0.15))
    (pad 1 smd rect (at -0.75 0 180) (size 0.8 0.75) (layers B.Cu B.Paste B.Mask)
      (net 9 "Net-(C5-Pad1)"))
    (pad 2 smd rect (at 0.75 0 180) (size 0.8 0.75) (layers B.Cu B.Paste B.Mask)
      (net 10 "Net-(C5-Pad2)"))
    (model Capacitors_SMD.3dshapes/C_0603.wrl
      (at (xyz 0 0 0))
      (scale (xyz 1 1 1))
      (rotate (xyz 0 0 0))
    )
  )

  (module Capacitors_SMD:C_0603 (layer F.Cu) (tedit 5415D631) (tstamp 57481329)
    (at 80.27 71.44 180)
    (descr "Capacitor SMD 0603, reflow soldering, AVX (see smccp.pdf)")
    (tags "capacitor 0603")
    (path /57177FC9)
    (attr smd)
    (fp_text reference C6 (at 0 -1.9 180) (layer F.SilkS)
      (effects (font (size 1 1) (thickness 0.15)))
    )
    (fp_text value 15uF (at 0 1.9 180) (layer F.Fab)
      (effects (font (size 1 1) (thickness 0.15)))
    )
    (fp_line (start -1.45 -0.75) (end 1.45 -0.75) (layer F.CrtYd) (width 0.05))
    (fp_line (start -1.45 0.75) (end 1.45 0.75) (layer F.CrtYd) (width 0.05))
    (fp_line (start -1.45 -0.75) (end -1.45 0.75) (layer F.CrtYd) (width 0.05))
    (fp_line (start 1.45 -0.75) (end 1.45 0.75) (layer F.CrtYd) (width 0.05))
    (fp_line (start -0.35 -0.6) (end 0.35 -0.6) (layer F.SilkS) (width 0.15))
    (fp_line (start 0.35 0.6) (end -0.35 0.6) (layer F.SilkS) (width 0.15))
    (pad 1 smd rect (at -0.75 0 180) (size 0.8 0.75) (layers F.Cu F.Paste F.Mask)
      (net 2 VBAT))
    (pad 2 smd rect (at 0.75 0 180) (size 0.8 0.75) (layers F.Cu F.Paste F.Mask)
      (net 1 GND))
    (model Capacitors_SMD.3dshapes/C_0603.wrl
      (at (xyz 0 0 0))
      (scale (xyz 1 1 1))
      (rotate (xyz 0 0 0))
    )
  )

  (module Capacitors_SMD:C_0603 (layer B.Cu) (tedit 5415D631) (tstamp 57481335)
    (at 44.655001 72.785)
    (descr "Capacitor SMD 0603, reflow soldering, AVX (see smccp.pdf)")
    (tags "capacitor 0603")
    (path /571A1292)
    (attr smd)
    (fp_text reference C7 (at 0 1.9) (layer B.SilkS)
      (effects (font (size 1 1) (thickness 0.15)) (justify mirror))
    )
    (fp_text value 1uF (at 0 -1.9) (layer B.Fab)
      (effects (font (size 1 1) (thickness 0.15)) (justify mirror))
    )
    (fp_line (start -1.45 0.75) (end 1.45 0.75) (layer B.CrtYd) (width 0.05))
    (fp_line (start -1.45 -0.75) (end 1.45 -0.75) (layer B.CrtYd) (width 0.05))
    (fp_line (start -1.45 0.75) (end -1.45 -0.75) (layer B.CrtYd) (width 0.05))
    (fp_line (start 1.45 0.75) (end 1.45 -0.75) (layer B.CrtYd) (width 0.05))
    (fp_line (start -0.35 0.6) (end 0.35 0.6) (layer B.SilkS) (width 0.15))
    (fp_line (start 0.35 -0.6) (end -0.35 -0.6) (layer B.SilkS) (width 0.15))
    (pad 1 smd rect (at -0.75 0) (size 0.8 0.75) (layers B.Cu B.Paste B.Mask)
      (net 1 GND))
    (pad 2 smd rect (at 0.75 0) (size 0.8 0.75) (layers B.Cu B.Paste B.Mask)
      (net 6 5V))
    (model Capacitors_SMD.3dshapes/C_0603.wrl
      (at (xyz 0 0 0))
      (scale (xyz 1 1 1))
      (rotate (xyz 0 0 0))
    )
  )

  (module Capacitors_SMD:C_0603 (layer B.Cu) (tedit 5415D631) (tstamp 57481341)
    (at 44.71 69.52)
    (descr "Capacitor SMD 0603, reflow soldering, AVX (see smccp.pdf)")
    (tags "capacitor 0603")
    (path /5717D7B6)
    (attr smd)
    (fp_text reference C8 (at 0 1.9) (layer B.SilkS)
      (effects (font (size 1 1) (thickness 0.15)) (justify mirror))
    )
    (fp_text value 0.1uF (at 0 -1.9) (layer B.Fab)
      (effects (font (size 1 1) (thickness 0.15)) (justify mirror))
    )
    (fp_line (start -1.45 0.75) (end 1.45 0.75) (layer B.CrtYd) (width 0.05))
    (fp_line (start -1.45 -0.75) (end 1.45 -0.75) (layer B.CrtYd) (width 0.05))
    (fp_line (start -1.45 0.75) (end -1.45 -0.75) (layer B.CrtYd) (width 0.05))
    (fp_line (start 1.45 0.75) (end 1.45 -0.75) (layer B.CrtYd) (width 0.05))
    (fp_line (start -0.35 0.6) (end 0.35 0.6) (layer B.SilkS) (width 0.15))
    (fp_line (start 0.35 -0.6) (end -0.35 -0.6) (layer B.SilkS) (width 0.15))
    (pad 1 smd rect (at -0.75 0) (size 0.8 0.75) (layers B.Cu B.Paste B.Mask)
      (net 1 GND))
    (pad 2 smd rect (at 0.75 0) (size 0.8 0.75) (layers B.Cu B.Paste B.Mask)
      (net 6 5V))
    (model Capacitors_SMD.3dshapes/C_0603.wrl
      (at (xyz 0 0 0))
      (scale (xyz 1 1 1))
      (rotate (xyz 0 0 0))
    )
  )

  (module Capacitors_SMD:C_0603 (layer F.Cu) (tedit 5415D631) (tstamp 5748134D)
    (at 80.232619 74.825)
    (descr "Capacitor SMD 0603, reflow soldering, AVX (see smccp.pdf)")
    (tags "capacitor 0603")
    (path /57177F38)
    (attr smd)
    (fp_text reference C9 (at 0 -1.9) (layer F.SilkS)
      (effects (font (size 1 1) (thickness 0.15)))
    )
    (fp_text value 0.47uF (at 0 1.9) (layer F.Fab)
      (effects (font (size 1 1) (thickness 0.15)))
    )
    (fp_line (start -1.45 -0.75) (end 1.45 -0.75) (layer F.CrtYd) (width 0.05))
    (fp_line (start -1.45 0.75) (end 1.45 0.75) (layer F.CrtYd) (width 0.05))
    (fp_line (start -1.45 -0.75) (end -1.45 0.75) (layer F.CrtYd) (width 0.05))
    (fp_line (start 1.45 -0.75) (end 1.45 0.75) (layer F.CrtYd) (width 0.05))
    (fp_line (start -0.35 -0.6) (end 0.35 -0.6) (layer F.SilkS) (width 0.15))
    (fp_line (start 0.35 0.6) (end -0.35 0.6) (layer F.SilkS) (width 0.15))
    (pad 1 smd rect (at -0.75 0) (size 0.8 0.75) (layers F.Cu F.Paste F.Mask)
      (net 1 GND))
    (pad 2 smd rect (at 0.75 0) (size 0.8 0.75) (layers F.Cu F.Paste F.Mask)
      (net 2 VBAT))
    (model Capacitors_SMD.3dshapes/C_0603.wrl
      (at (xyz 0 0 0))
      (scale (xyz 1 1 1))
      (rotate (xyz 0 0 0))
    )
  )

  (module Capacitors_SMD:C_0603 (layer F.Cu) (tedit 5415D631) (tstamp 57481359)
    (at 75.97 82.73 90)
    (descr "Capacitor SMD 0603, reflow soldering, AVX (see smccp.pdf)")
    (tags "capacitor 0603")
    (path /5717FAE9)
    (attr smd)
    (fp_text reference C10 (at 0 -1.9 90) (layer F.SilkS)
      (effects (font (size 1 1) (thickness 0.15)))
    )
    (fp_text value 10uF (at 0 1.9 90) (layer F.Fab)
      (effects (font (size 1 1) (thickness 0.15)))
    )
    (fp_line (start -1.45 -0.75) (end 1.45 -0.75) (layer F.CrtYd) (width 0.05))
    (fp_line (start -1.45 0.75) (end 1.45 0.75) (layer F.CrtYd) (width 0.05))
    (fp_line (start -1.45 -0.75) (end -1.45 0.75) (layer F.CrtYd) (width 0.05))
    (fp_line (start 1.45 -0.75) (end 1.45 0.75) (layer F.CrtYd) (width 0.05))
    (fp_line (start -0.35 -0.6) (end 0.35 -0.6) (layer F.SilkS) (width 0.15))
    (fp_line (start 0.35 0.6) (end -0.35 0.6) (layer F.SilkS) (width 0.15))
    (pad 1 smd rect (at -0.75 0 90) (size 0.8 0.75) (layers F.Cu F.Paste F.Mask)
      (net 11 3.3V_SEN))
    (pad 2 smd rect (at 0.75 0 90) (size 0.8 0.75) (layers F.Cu F.Paste F.Mask)
      (net 1 GND))
    (model Capacitors_SMD.3dshapes/C_0603.wrl
      (at (xyz 0 0 0))
      (scale (xyz 1 1 1))
      (rotate (xyz 0 0 0))
    )
  )

  (module Capacitors_SMD:C_0603 (layer B.Cu) (tedit 5415D631) (tstamp 57481365)
    (at 54.44 61.49)
    (descr "Capacitor SMD 0603, reflow soldering, AVX (see smccp.pdf)")
    (tags "capacitor 0603")
    (path /57249B74)
    (attr smd)
    (fp_text reference C11 (at 0 1.9) (layer B.SilkS)
      (effects (font (size 1 1) (thickness 0.15)) (justify mirror))
    )
    (fp_text value 2.2uF (at 0 -1.9) (layer B.Fab)
      (effects (font (size 1 1) (thickness 0.15)) (justify mirror))
    )
    (fp_line (start -1.45 0.75) (end 1.45 0.75) (layer B.CrtYd) (width 0.05))
    (fp_line (start -1.45 -0.75) (end 1.45 -0.75) (layer B.CrtYd) (width 0.05))
    (fp_line (start -1.45 0.75) (end -1.45 -0.75) (layer B.CrtYd) (width 0.05))
    (fp_line (start 1.45 0.75) (end 1.45 -0.75) (layer B.CrtYd) (width 0.05))
    (fp_line (start -0.35 0.6) (end 0.35 0.6) (layer B.SilkS) (width 0.15))
    (fp_line (start 0.35 -0.6) (end -0.35 -0.6) (layer B.SilkS) (width 0.15))
    (pad 1 smd rect (at -0.75 0) (size 0.8 0.75) (layers B.Cu B.Paste B.Mask)
      (net 1 GND))
    (pad 2 smd rect (at 0.75 0) (size 0.8 0.75) (layers B.Cu B.Paste B.Mask)
      (net 33 V_BUS))
    (model Capacitors_SMD.3dshapes/C_0603.wrl
      (at (xyz 0 0 0))
      (scale (xyz 1 1 1))
      (rotate (xyz 0 0 0))
    )
  )

  (module Capacitors_SMD:C_0603 (layer B.Cu) (tedit 5415D631) (tstamp 57481371)
    (at 75.36 86.56)
    (descr "Capacitor SMD 0603, reflow soldering, AVX (see smccp.pdf)")
    (tags "capacitor 0603")
    (path /5717FC88)
    (attr smd)
    (fp_text reference C12 (at 0 1.9) (layer B.SilkS)
      (effects (font (size 1 1) (thickness 0.15)) (justify mirror))
    )
    (fp_text value 0.1uF (at 0 -1.9) (layer B.Fab)
      (effects (font (size 1 1) (thickness 0.15)) (justify mirror))
    )
    (fp_line (start -1.45 0.75) (end 1.45 0.75) (layer B.CrtYd) (width 0.05))
    (fp_line (start -1.45 -0.75) (end 1.45 -0.75) (layer B.CrtYd) (width 0.05))
    (fp_line (start -1.45 0.75) (end -1.45 -0.75) (layer B.CrtYd) (width 0.05))
    (fp_line (start 1.45 0.75) (end 1.45 -0.75) (layer B.CrtYd) (width 0.05))
    (fp_line (start -0.35 0.6) (end 0.35 0.6) (layer B.SilkS) (width 0.15))
    (fp_line (start 0.35 -0.6) (end -0.35 -0.6) (layer B.SilkS) (width 0.15))
    (pad 1 smd rect (at -0.75 0) (size 0.8 0.75) (layers B.Cu B.Paste B.Mask)
      (net 11 3.3V_SEN))
    (pad 2 smd rect (at 0.75 0) (size 0.8 0.75) (layers B.Cu B.Paste B.Mask)
      (net 1 GND))
    (model Capacitors_SMD.3dshapes/C_0603.wrl
      (at (xyz 0 0 0))
      (scale (xyz 1 1 1))
      (rotate (xyz 0 0 0))
    )
  )

  (module Capacitors_SMD:C_0603 (layer F.Cu) (tedit 5415D631) (tstamp 57481395)
    (at 73.21 81.29 90)
    (descr "Capacitor SMD 0603, reflow soldering, AVX (see smccp.pdf)")
    (tags "capacitor 0603")
    (path /57059864)
    (attr smd)
    (fp_text reference C15 (at 0 -1.9 90) (layer F.SilkS)
      (effects (font (size 1 1) (thickness 0.15)))
    )
    (fp_text value 0.1uF (at 0 1.9 90) (layer F.Fab)
      (effects (font (size 1 1) (thickness 0.15)))
    )
    (fp_line (start -1.45 -0.75) (end 1.45 -0.75) (layer F.CrtYd) (width 0.05))
    (fp_line (start -1.45 0.75) (end 1.45 0.75) (layer F.CrtYd) (width 0.05))
    (fp_line (start -1.45 -0.75) (end -1.45 0.75) (layer F.CrtYd) (width 0.05))
    (fp_line (start 1.45 -0.75) (end 1.45 0.75) (layer F.CrtYd) (width 0.05))
    (fp_line (start -0.35 -0.6) (end 0.35 -0.6) (layer F.SilkS) (width 0.15))
    (fp_line (start 0.35 0.6) (end -0.35 0.6) (layer F.SilkS) (width 0.15))
    (pad 1 smd rect (at -0.75 0 90) (size 0.8 0.75) (layers F.Cu F.Paste F.Mask)
      (net 66 "Net-(C15-Pad1)"))
    (pad 2 smd rect (at 0.75 0 90) (size 0.8 0.75) (layers F.Cu F.Paste F.Mask)
      (net 1 GND))
    (model Capacitors_SMD.3dshapes/C_0603.wrl
      (at (xyz 0 0 0))
      (scale (xyz 1 1 1))
      (rotate (xyz 0 0 0))
    )
  )

  (module Capacitors_SMD:C_0603 (layer F.Cu) (tedit 5415D631) (tstamp 574813A1)
    (at 70.2 81.29 90)
    (descr "Capacitor SMD 0603, reflow soldering, AVX (see smccp.pdf)")
    (tags "capacitor 0603")
    (path /57058F9E)
    (attr smd)
    (fp_text reference C16 (at 0 -1.9 90) (layer F.SilkS)
      (effects (font (size 1 1) (thickness 0.15)))
    )
    (fp_text value 0.1uF (at 0 1.9 90) (layer F.Fab)
      (effects (font (size 1 1) (thickness 0.15)))
    )
    (fp_line (start -1.45 -0.75) (end 1.45 -0.75) (layer F.CrtYd) (width 0.05))
    (fp_line (start -1.45 0.75) (end 1.45 0.75) (layer F.CrtYd) (width 0.05))
    (fp_line (start -1.45 -0.75) (end -1.45 0.75) (layer F.CrtYd) (width 0.05))
    (fp_line (start 1.45 -0.75) (end 1.45 0.75) (layer F.CrtYd) (width 0.05))
    (fp_line (start -0.35 -0.6) (end 0.35 -0.6) (layer F.SilkS) (width 0.15))
    (fp_line (start 0.35 0.6) (end -0.35 0.6) (layer F.SilkS) (width 0.15))
    (pad 1 smd rect (at -0.75 0 90) (size 0.8 0.75) (layers F.Cu F.Paste F.Mask)
      (net 11 3.3V_SEN))
    (pad 2 smd rect (at 0.75 0 90) (size 0.8 0.75) (layers F.Cu F.Paste F.Mask)
      (net 1 GND))
    (model Capacitors_SMD.3dshapes/C_0603.wrl
      (at (xyz 0 0 0))
      (scale (xyz 1 1 1))
      (rotate (xyz 0 0 0))
    )
  )

  (module Capacitors_SMD:C_0603 (layer F.Cu) (tedit 5415D631) (tstamp 574813AD)
    (at 73.46 88.45)
    (descr "Capacitor SMD 0603, reflow soldering, AVX (see smccp.pdf)")
    (tags "capacitor 0603")
    (path /571A8EA6)
    (attr smd)
    (fp_text reference C17 (at 0 -1.9) (layer F.SilkS)
      (effects (font (size 1 1) (thickness 0.15)))
    )
    (fp_text value 0.1uF (at 0 1.9) (layer F.Fab)
      (effects (font (size 1 1) (thickness 0.15)))
    )
    (fp_line (start -1.45 -0.75) (end 1.45 -0.75) (layer F.CrtYd) (width 0.05))
    (fp_line (start -1.45 0.75) (end 1.45 0.75) (layer F.CrtYd) (width 0.05))
    (fp_line (start -1.45 -0.75) (end -1.45 0.75) (layer F.CrtYd) (width 0.05))
    (fp_line (start 1.45 -0.75) (end 1.45 0.75) (layer F.CrtYd) (width 0.05))
    (fp_line (start -0.35 -0.6) (end 0.35 -0.6) (layer F.SilkS) (width 0.15))
    (fp_line (start 0.35 0.6) (end -0.35 0.6) (layer F.SilkS) (width 0.15))
    (pad 1 smd rect (at -0.75 0) (size 0.8 0.75) (layers F.Cu F.Paste F.Mask)
      (net 4 3.3V))
    (pad 2 smd rect (at 0.75 0) (size 0.8 0.75) (layers F.Cu F.Paste F.Mask)
      (net 1 GND))
    (model Capacitors_SMD.3dshapes/C_0603.wrl
      (at (xyz 0 0 0))
      (scale (xyz 1 1 1))
      (rotate (xyz 0 0 0))
    )
  )

  (module Capacitors_SMD:C_0603 (layer F.Cu) (tedit 5415D631) (tstamp 574813B9)
    (at 73.47 85.19)
    (descr "Capacitor SMD 0603, reflow soldering, AVX (see smccp.pdf)")
    (tags "capacitor 0603")
    (path /571A9DFB)
    (attr smd)
    (fp_text reference C18 (at 0 -1.9) (layer F.SilkS)
      (effects (font (size 1 1) (thickness 0.15)))
    )
    (fp_text value 10nF (at 0 1.9) (layer F.Fab)
      (effects (font (size 1 1) (thickness 0.15)))
    )
    (fp_line (start -1.45 -0.75) (end 1.45 -0.75) (layer F.CrtYd) (width 0.05))
    (fp_line (start -1.45 0.75) (end 1.45 0.75) (layer F.CrtYd) (width 0.05))
    (fp_line (start -1.45 -0.75) (end -1.45 0.75) (layer F.CrtYd) (width 0.05))
    (fp_line (start 1.45 -0.75) (end 1.45 0.75) (layer F.CrtYd) (width 0.05))
    (fp_line (start -0.35 -0.6) (end 0.35 -0.6) (layer F.SilkS) (width 0.15))
    (fp_line (start 0.35 0.6) (end -0.35 0.6) (layer F.SilkS) (width 0.15))
    (pad 1 smd rect (at -0.75 0) (size 0.8 0.75) (layers F.Cu F.Paste F.Mask)
      (net 4 3.3V))
    (pad 2 smd rect (at 0.75 0) (size 0.8 0.75) (layers F.Cu F.Paste F.Mask)
      (net 1 GND))
    (model Capacitors_SMD.3dshapes/C_0603.wrl
      (at (xyz 0 0 0))
      (scale (xyz 1 1 1))
      (rotate (xyz 0 0 0))
    )
  )

  (module Capacitors_SMD:C_0603 (layer F.Cu) (tedit 5415D631) (tstamp 574813C5)
    (at 71.75 81.27 270)
    (descr "Capacitor SMD 0603, reflow soldering, AVX (see smccp.pdf)")
    (tags "capacitor 0603")
    (path /5705900B)
    (attr smd)
    (fp_text reference C19 (at 0 -1.9 270) (layer F.SilkS)
      (effects (font (size 1 1) (thickness 0.15)))
    )
    (fp_text value 10nF (at 0 1.9 270) (layer F.Fab)
      (effects (font (size 1 1) (thickness 0.15)))
    )
    (fp_line (start -1.45 -0.75) (end 1.45 -0.75) (layer F.CrtYd) (width 0.05))
    (fp_line (start -1.45 0.75) (end 1.45 0.75) (layer F.CrtYd) (width 0.05))
    (fp_line (start -1.45 -0.75) (end -1.45 0.75) (layer F.CrtYd) (width 0.05))
    (fp_line (start 1.45 -0.75) (end 1.45 0.75) (layer F.CrtYd) (width 0.05))
    (fp_line (start -0.35 -0.6) (end 0.35 -0.6) (layer F.SilkS) (width 0.15))
    (fp_line (start 0.35 0.6) (end -0.35 0.6) (layer F.SilkS) (width 0.15))
    (pad 1 smd rect (at -0.75 0 270) (size 0.8 0.75) (layers F.Cu F.Paste F.Mask)
      (net 1 GND))
    (pad 2 smd rect (at 0.75 0 270) (size 0.8 0.75) (layers F.Cu F.Paste F.Mask)
      (net 11 3.3V_SEN))
    (model Capacitors_SMD.3dshapes/C_0603.wrl
      (at (xyz 0 0 0))
      (scale (xyz 1 1 1))
      (rotate (xyz 0 0 0))
    )
  )

  (module Capacitors_SMD:C_0603 (layer B.Cu) (tedit 5415D631) (tstamp 574813D1)
    (at 56.1 90.16)
    (descr "Capacitor SMD 0603, reflow soldering, AVX (see smccp.pdf)")
    (tags "capacitor 0603")
    (path /5703B32B)
    (attr smd)
    (fp_text reference C20 (at 0 1.9) (layer B.SilkS)
      (effects (font (size 1 1) (thickness 0.15)) (justify mirror))
    )
    (fp_text value 0.1uF (at 0 -1.9) (layer B.Fab)
      (effects (font (size 1 1) (thickness 0.15)) (justify mirror))
    )
    (fp_line (start -1.45 0.75) (end 1.45 0.75) (layer B.CrtYd) (width 0.05))
    (fp_line (start -1.45 -0.75) (end 1.45 -0.75) (layer B.CrtYd) (width 0.05))
    (fp_line (start -1.45 0.75) (end -1.45 -0.75) (layer B.CrtYd) (width 0.05))
    (fp_line (start 1.45 0.75) (end 1.45 -0.75) (layer B.CrtYd) (width 0.05))
    (fp_line (start -0.35 0.6) (end 0.35 0.6) (layer B.SilkS) (width 0.15))
    (fp_line (start 0.35 -0.6) (end -0.35 -0.6) (layer B.SilkS) (width 0.15))
    (pad 1 smd rect (at -0.75 0) (size 0.8 0.75) (layers B.Cu B.Paste B.Mask)
      (net 12 NRST))
    (pad 2 smd rect (at 0.75 0) (size 0.8 0.75) (layers B.Cu B.Paste B.Mask)
      (net 1 GND))
    (model Capacitors_SMD.3dshapes/C_0603.wrl
      (at (xyz 0 0 0))
      (scale (xyz 1 1 1))
      (rotate (xyz 0 0 0))
    )
  )

  (module Capacitors_SMD:C_0603 (layer F.Cu) (tedit 5415D631) (tstamp 574813DD)
    (at 75.93 87.65 270)
    (descr "Capacitor SMD 0603, reflow soldering, AVX (see smccp.pdf)")
    (tags "capacitor 0603")
    (path /570481E7)
    (attr smd)
    (fp_text reference C21 (at 0 -1.9 270) (layer F.SilkS)
      (effects (font (size 1 1) (thickness 0.15)))
    )
    (fp_text value 0.1uF (at 0 1.9 270) (layer F.Fab)
      (effects (font (size 1 1) (thickness 0.15)))
    )
    (fp_line (start -1.45 -0.75) (end 1.45 -0.75) (layer F.CrtYd) (width 0.05))
    (fp_line (start -1.45 0.75) (end 1.45 0.75) (layer F.CrtYd) (width 0.05))
    (fp_line (start -1.45 -0.75) (end -1.45 0.75) (layer F.CrtYd) (width 0.05))
    (fp_line (start 1.45 -0.75) (end 1.45 0.75) (layer F.CrtYd) (width 0.05))
    (fp_line (start -0.35 -0.6) (end 0.35 -0.6) (layer F.SilkS) (width 0.15))
    (fp_line (start 0.35 0.6) (end -0.35 0.6) (layer F.SilkS) (width 0.15))
    (pad 1 smd rect (at -0.75 0 270) (size 0.8 0.75) (layers F.Cu F.Paste F.Mask)
      (net 4 3.3V))
    (pad 2 smd rect (at 0.75 0 270) (size 0.8 0.75) (layers F.Cu F.Paste F.Mask)
      (net 1 GND))
    (model Capacitors_SMD.3dshapes/C_0603.wrl
      (at (xyz 0 0 0))
      (scale (xyz 1 1 1))
      (rotate (xyz 0 0 0))
    )
  )

  (module Capacitors_SMD:C_0603 (layer F.Cu) (tedit 5415D631) (tstamp 574813E9)
    (at 67.75 76.92 90)
    (descr "Capacitor SMD 0603, reflow soldering, AVX (see smccp.pdf)")
    (tags "capacitor 0603")
    (path /57046ABB)
    (attr smd)
    (fp_text reference C22 (at 0 -1.9 90) (layer F.SilkS)
      (effects (font (size 1 1) (thickness 0.15)))
    )
    (fp_text value 27pF (at 0 1.9 90) (layer F.Fab)
      (effects (font (size 1 1) (thickness 0.15)))
    )
    (fp_line (start -1.45 -0.75) (end 1.45 -0.75) (layer F.CrtYd) (width 0.05))
    (fp_line (start -1.45 0.75) (end 1.45 0.75) (layer F.CrtYd) (width 0.05))
    (fp_line (start -1.45 -0.75) (end -1.45 0.75) (layer F.CrtYd) (width 0.05))
    (fp_line (start 1.45 -0.75) (end 1.45 0.75) (layer F.CrtYd) (width 0.05))
    (fp_line (start -0.35 -0.6) (end 0.35 -0.6) (layer F.SilkS) (width 0.15))
    (fp_line (start 0.35 0.6) (end -0.35 0.6) (layer F.SilkS) (width 0.15))
    (pad 1 smd rect (at -0.75 0 90) (size 0.8 0.75) (layers F.Cu F.Paste F.Mask)
      (net 4 3.3V))
    (pad 2 smd rect (at 0.75 0 90) (size 0.8 0.75) (layers F.Cu F.Paste F.Mask)
      (net 13 OSC_IN))
    (model Capacitors_SMD.3dshapes/C_0603.wrl
      (at (xyz 0 0 0))
      (scale (xyz 1 1 1))
      (rotate (xyz 0 0 0))
    )
  )

  (module Capacitors_SMD:C_0603 (layer F.Cu) (tedit 5415D631) (tstamp 574813F5)
    (at 59.34 76.95 270)
    (descr "Capacitor SMD 0603, reflow soldering, AVX (see smccp.pdf)")
    (tags "capacitor 0603")
    (path /57046AC1)
    (attr smd)
    (fp_text reference C23 (at 0 -1.9 270) (layer F.SilkS)
      (effects (font (size 1 1) (thickness 0.15)))
    )
    (fp_text value 27pF (at 0 1.9 270) (layer F.Fab)
      (effects (font (size 1 1) (thickness 0.15)))
    )
    (fp_line (start -1.45 -0.75) (end 1.45 -0.75) (layer F.CrtYd) (width 0.05))
    (fp_line (start -1.45 0.75) (end 1.45 0.75) (layer F.CrtYd) (width 0.05))
    (fp_line (start -1.45 -0.75) (end -1.45 0.75) (layer F.CrtYd) (width 0.05))
    (fp_line (start 1.45 -0.75) (end 1.45 0.75) (layer F.CrtYd) (width 0.05))
    (fp_line (start -0.35 -0.6) (end 0.35 -0.6) (layer F.SilkS) (width 0.15))
    (fp_line (start 0.35 0.6) (end -0.35 0.6) (layer F.SilkS) (width 0.15))
    (pad 1 smd rect (at -0.75 0 270) (size 0.8 0.75) (layers F.Cu F.Paste F.Mask)
      (net 4 3.3V))
    (pad 2 smd rect (at 0.75 0 270) (size 0.8 0.75) (layers F.Cu F.Paste F.Mask)
      (net 14 OSC_OUT))
    (model Capacitors_SMD.3dshapes/C_0603.wrl
      (at (xyz 0 0 0))
      (scale (xyz 1 1 1))
      (rotate (xyz 0 0 0))
    )
  )

  (module TO_SOT_Packages_SMD:TO-263-3Lead (layer B.Cu) (tedit 55D38F53) (tstamp 5748141D)
    (at 48.16 77.76 270)
    (descr "D2PAK / TO-263 3-lead smd package")
    (tags "D2PAK D2PAK-3 TO-263AB TO-263")
    (path /5718D018)
    (attr smd)
    (fp_text reference D1 (at 3.5 0 540) (layer B.SilkS)
      (effects (font (size 1 1) (thickness 0.15)) (justify mirror))
    )
    (fp_text value 6TQ045S (at 15.25 0.25 540) (layer B.Fab)
      (effects (font (size 1 1) (thickness 0.15)) (justify mirror))
    )
    (fp_line (start 14.1 -5.65) (end -2.55 -5.65) (layer B.CrtYd) (width 0.05))
    (fp_line (start 14.1 5.65) (end 14.1 -5.65) (layer B.CrtYd) (width 0.05))
    (fp_line (start 14.1 5.65) (end -2.55 5.65) (layer B.CrtYd) (width 0.05))
    (fp_line (start -2.55 5.65) (end -2.55 -5.65) (layer B.CrtYd) (width 0.05))
    (fp_line (start 2.5 -5) (end 2.5 -3.75) (layer B.SilkS) (width 0.15))
    (fp_line (start 2.5 -5) (end 4 -5) (layer B.SilkS) (width 0.15))
    (fp_line (start 2.5 5) (end 4 5) (layer B.SilkS) (width 0.15))
    (fp_line (start 2.5 5) (end 2.5 3.75) (layer B.SilkS) (width 0.15))
